0 5
5 10.625
10.625 16.9375
16.9375 24
24 31.9375
31.9375 40.8125
40.8125 50.75
50.75 61.875
61.875 74.375
74.375 88.4375
88.4375 104.25
104.25 122
122 141.938
141.938 164.312
164.312 189.438
189.438 217.688
217.688 249.438
249.438 285.125
285.125 325.25
325.25 370.375
370.375 421.125
421.125 478.188
478.188 542.375
542.375 614.562
614.562 695.75
695.75 787.062
787.062 889.75
889.75 1005.25
1005.25 1135.19
1135.19 1281.31
1281.31 1445.69
1445.69 1630.56
1630.56 1838.5
1838.5 2072.38
2072.38 2335.44
2335.44 2631.38
2631.38 2964.25
2964.25 3338.69
3338.69 3759.88
3759.88 4233.69
4233.69 4766.69
4766.69 5366.31
5366.31 6040.88
6040.88 6799.75
6799.75 7653.44
7653.44 8611.94
8611.94 9692.31
9692.31 10907.7
10907.7 12274.9
12274.9 13813.1
13813.1 15543.4
15543.4 17490.1
17490.1 19680
19680 22143.6
22143.6 24915.2
24915.2 28033.2
28033.2 31540.9
31540.9 35487.1
35487.1 39926.6
39926.6 44920.9
44920.9 50539.4
50539.4 56860.3
56860.3 63971.2
63971.2 100000