11  2.6 1.3
12  2.6 1.3
14  2.6 1.3
17  2.2 1.35
19  2.2 1.35
20  2.2 1.35
21_M1   2.2 1.35
21_M2   3.6 1.35
22_M1   3.6 1.35
22_M2   2.4 1.25
23  2.4 1.25
24  3.1 1.35
25  3.1 1.35
26_M1   3.1 1.35
26_M2   3.5 1.05
27  3.5 1.05
29_M1   3.5 1.05
29_M2   2.3 0.75
30  2.3 0.75
31  2.3 0.75
32  2.3 0.75
33  2.3 0.75
34  2.3 0.75
35  2.3 0.75
37  2.3 0.75
38_M1   2.3 0.75
38_M2   2.5 0.65
39_M1   3.8 1.25
39_M2   2.3 0.8
40  2.6 1
41_M1   3.1 0.75
41_M2   2.3 1.15
41_M3   3.1 1.05
42_M1   2.9 0.9
42_M2   2.8 0.9
42_M3   2.7 1
43_M1   3.1 0.95
43_M2   3.2 0.95
45  3.2 0.9
48_M1   3.3 1
48_M2   2.7 0.8
49  2.8 0.85
50  2.7 0.75
52_M1   3.1 1
52_M2   3.5 1.05
54  3.5 1.05
55  2.1 1.05
57  1.7 1.05
59  1.7 1.05
72  1.7 1.05
86  1.7 1.05
98  1.7 1.05
100 1.6 0.8
103 3.2 1.55
104 3.2 1.55
105 3.2 1.55
111 3.3 1.6
112 3.3 1.6
118 3.3 1.6
120_M1  2.8 1.25
120_M2  2.5 1.4
121 2.3 1.3
122 2.5 1.6
123 3.3 1.6
124 2.5 1.05
125 2.7 0.85
127 2.7 0.95
129 2.7 0.95
130 2.7 0.95
133 3.2 0.95
147 3   0.85
151 3.2 0.95
153 3.7 0.95
159 2.7 0.8
163_M1  2.9 0.85
163_M2  2.6 0.75
166 2.8 0.9
176 2.8 0.9
188 2.8 0.9
222 2.8 0.9
236 2.8 0.9
250 2.8 0.9
267 2.8 0.9
274 2.6 0.9
276 2.6 0.85
290 2.6 0.85
295_M1  2.4 0.55
295_M2  2.7 0.95
297_M1  2.6 0.9
297_M2  2.7 1.05
297_M3  2.7 0.95
299_M1  2.7 0.95
299_M2  3.2 0.95
299_M3  2.6 0.75
299_M4  2.5 0.7
299_M5  2.2 0.55
299_M6  2.4 0.6
299_M7  2.7 0.95
299_M8  3.1 1.35
299_M9  3.2 1.55
299_M10 3.3 1.6
299_M11 3.2 1.55
301_M1  3.2 1.4
301_M2  3.6 1.35
301_M3  3.3 1.25
301_M4  3.1 1.1
302 3.8 1.75
303 3.9 1.9
307 3.3 2.05
308 2.5 1.35
309 3.3 1.6
313 2.9 1.5
317 3.1 1.65
324 2.4 1
327_M1  3.3 1.55
327_M2  2.3 1.05
327_M3  2.4 0.8
329_M1  2.6 1.4
329_M2  3.5 1.15
329_M3  2.5 1
329_M4  3.3 1.1
331_M1  3.1 0.95
331_M2  3.3 1.55
333_M1  2.5 1
333_M2  2.3 1.5
335_M1  3.6 1.55
335_M2  2.7 1
335_M3  3.2 2.2
335_M4  2.5 1.05
335_M5  2.3 1.2
336_M1  2.4 0.4
336_M2  2.6 0.75
336_M3  2.5 1
336_M4  3.1 0.95
336_M5  3.2 1.1
337_M1  4   0.4
337_M2  3.1 0.8
337_M3  2.5 0.65
338_M1  3.1 1.3
338_M2  3.2 1.25
338_M3  3.2 1
338_M4  3.3 0.95
338_M5  3.5 1.3
340_M1  3.4 1.1
340_M2  2.7 1.3
340_M3  3.1 1.3
342_M1  2.8 1.05
342_M2  3.2 0.95
342_M3  2.8 0.7
342_M4  2.7 0.95
343_M1  3   0.75
343_M2  2.5 0.75
343_M3  3.2 0.95
344_M1  2.1 0.65
344_M2  2   0.9
344_M3  3.2 1.1
345_M1  2.3 1.05
345_M2  2.8 0.9
345_M3  2.2 0.6
345_M4  2.2 0.9
347_M1  1.9 0.95
347_M2  2.9 1.5
347_M3  2.5 1
347_M4  2.7 0.9
349_M1  2.6 0.9
349_M2  2.7 0.95
349_M3  3.1 1.3
349_M4  3.2 0.75
351_M1  2.3 1.05
351_M2  1.9 0.85
351_M3  2.3 1.15
351_M4  3.2 1.1
354_M1  3.1 1.05
354_M2  2.6 0.75
354_M3  2.7 0.75
354_M4  2.6 0.75
356_M1  3.2 0.65
356_M2  3.5 1.3
356_M3  2.1 0.85
356_M4  2.5 1
358_M1  2.3 0.7
358_M2  2.3 0.9
358_M3  2.6 1.3
361_M1  2.8 1.1
361_M2  2.6 0.75
361_M3  3.7 1.2
361_M4  2.7 0.95
363_M1  2.4 0.9
363_M2  2.2 0.8
363_M3  2.3 1.05
363_M4  2.8 0.75
365_M1  2.7 0.95
365_M2  2.7 0.95
365_M3  2.7 0.55
365_M4  2.5 1
369_M1  4   0.8
369_M2  3.2 0.95
370_M1  2.2 1.1
370_M2  1.9 0.85
370_M3  2.3 0.85
370_M4  2.5 1
371 3.9 0.65
372_M1  2.6 1
372_M2  2   0.8
372_M3  2.4 0.85
374_M1  3   0.85
374_M2  2.3 0.9
374_M3  2.7 0.85
376_M1  3.7 1.1
376_M2  2.3 0.9
376_M3  2.2 0.65
377_M1  2.6 1
377_M2  2.6 1
377_M3  2.6 0.75
377_M4  3.7 1.2
378_M1  2   0.85
378_M2  2.4 1.15
378_M3  2.8 0.7
378_M4  2.5 1
379 3.5 0.75
383_M1  3.7 1
383_M2  3.3 0
383_M3  2.5 1
385 3.1 0
388_M1  2.6 0.4
388_M2  2.5 0.05
388_m3  2.6 0.45
390_M1  2.5 0.75
390_M2  3.1 0.5
390_M3  1.8 0.75
390_M4  2   1.05
392 1.8 1.05
398 2.6 1
402_M1  1.9 1
402_M2  3.1 1.05
404_M1  2.5 0.25
404_M2  2.6 1
406 1.5 0.7
409 2.5 0.1
410 2.6 0.75
412 2.7 0.85
413 2.5 1.1
417 2.4 0.9
419 2.5 1
422 2.5 1
424_M1  3.1 1.1
424_M2  3.2 1
426 3.2 0.9
430 2.3 1.1
431 3.2 1.6
433 3.3 1.2
436 3.1 1.65
437 1.9 1
438 3.1 1.75
439 3.7 2.1
440 3   1.85
453 2.4 1.25
454 2.4 1.25
455 3.3 2
456 3.3 2
465 2.2 0.6
470 3.3 2.2
472 2.4 0.85
474 3.3 1.4
477 3.8 2.15
488 3.2 1.9
490 3.4 2.15
494_M1  2.3 1.2
494_M2  3.2 2.25
494_M3  3.4 2.4
494_M4  3.1 1.85
504 2.6 1.05
506 3.5 1.3
508 3.2 2.3
511 2.5 1.1
513 3.2 1.55
514 3.2 1.55
515 3.1 1.05
518 2.9 1.55
519 2.7 1.2
520 1.9 1.05
521 2.2 1.4
522 2.2 1.4
524 3.2 0.95
526 3.1 0.5
527 2.8 1.25
528 2.5 1.05
532 3.3 1.4
533 1.9 0.95
535 1.9 0.95
538 3.3 1.4
540 3.3 1.55
542 3.5 1.35
545 2.6 1.55
546 3.1 1.75
547 1.1 1.3
548 3.6 1.35
549 3.4 1.5
550 3.6 1.2
552 2.6 1.3
553 1.7 1.05
555 1.8 1.05
559 2.6 1.3
560 2.6 1.3
561 2   0.8
563 3.4 2.2
564 1.1 1.6
565 3.1 1.35
566 2.5 1.05
568 3.4 1.75
569 2.7 1.05
572 2.4 1.15
574 1.9 1.35
576 1.9 1.35
579 1.9 1.35
581 2.2 1.85
587 3.4 1.8
588 3.2 2.2
589 2   2.45
593_M1  2.1 2.4
593_M2  3.4 2.9
593_M3  2.2 2.05
595 1.9 1.7
597_M1  2.1 1.4
597_M2  2   1.5
603 1.7 1.6
606 1.7 1.3
609 1.6 1.15
617 1.6 1.15
630_M1  1.8 0.75
630_M2  1.4 0.95
631 1.7 0.95
634 3.4 1.6
635 2.3 2
636 2.5 1.25
637 2.5 1.1
641 3.5 1.3
643 2   1.2
644 2.2 1.4
647 3.4 1.65
649 3.4 2
651 3.5 1.3
655 2.4 0.95
656 3.2 2
657 2.4 1.95
658 3   1.55
661_M1  3.2 1.55
661_M2  2.6 1.3
662 3.3 2
663 2.5 1
664 2.4 0.85
665 2   1.55
668_M1  2   1.55
668_M2  1.8 0.6
669 3.1 1.35
670 3.2 1.05
671 3   0.75
672 1.6 1.15
674 3.2 1.15
676 3.2 0.9
677 3.1 0.45
678 2.6 1
679 2.5 1
683 3.5 1.05
685 2.5 1.05
688 3.8 1.4
689 3.5 1.3
690 2.4 0.2
691 3.2 2
692 2.5 1
695 2.5 0.2
696 3.1 1.35
702 2.4 0.95
703 3.1 1.35
705 3.1 1.3
706 1.9 0
708 2.2 0
709 1.4 1
710 1.5 0.85
711 1.2 0.3
713 2.2 0.05
714 2.2 0
717 3.2 1.1
719 3.2 1.1
729 3.1 0.8
731 3.3 1
733 2.4 0.5
735 3.2 2.2
738 3.4 1.7
739 2.5 1.6
740 3.8 1.75
743 1.7 0.75
744 2.8 0
746 2.4 1.25
747 2.3 1.6
748 1.7 0.7
751 2.5 0.5
753 2.6 0.75
767 2.6 0.75
777 2.6 0.75
780 2.3 0.85
781 2.3 0.85
785 2.6 1.3
787 2.4 1.15
790 2.5 1.5
792 2   0.8
794 2.3 0.85
797_M1  2.4 1.35
797_M2  2.8 1.25
799 2.4 0.6
803 2.3 0.3
807 3.2 1.2
812 3   1.55
817_M1  2   0.95
817_M2  2.1 0.95
826 2   0.85
835 2.3 0.85
837 2   0.8
853 2   0.8
862 2.6 0.9
864 2.5 1.05
883 2.5 1.05
892 2.5 1.05
896 1.6 0.4
901 1.8 0.65
903 1.8 0.75
914 1.8 0.75
923 1.8 0.6
924 1.2 0.3
926 1.5 0.5
931 1.5 0.5
935 1.5 0.5
940 0.7 0.45
944 1   0.25
949_M1  2.3 0.8
949_M2  1.5 1.05
950 0.7 0.45
951 1.5 0.7
952 2.4 1.9
956 1.7 1.05
957 1.2 0.35
958 2   0.75
960 2   1.55
963 3.5 1.3
964 2.5 0.8
967 3.2 0.4
968 3.2 0.4
971 2.9 0.45
976 2.2 0.8
978 1.6 0.6
981 1.1 0.2
983 1.2 0.65
984 1.6 0.5
985 1.6 0.5
986 1.2 0.2
987 2.5 1
990 1.3 0.55
991 3.2 0
992 2.5 0.05
995 1.1 0.45
997 1.6 0.25
1003    1.6 0.25
1005    1.6 0.25
1012    1.6 0.25
1019    1.6 0.25
1028    1.6 0.25
1030    1.4 0.4
1035_M1 2.9 1.5
1035_M2 2.7 0
1035_M3 2.5 0.2
1035_M4 2.4 0.25
1037_M1 2.8 0.15
1037_M2 2.3 0.1
1037_M3 3.1 0.35
1042_M1 2.2 0.2
1042_M2 2.1 1.05
1042_M3 2.1 1.6
1044_M1 1.9 1.25
1044_M2 0.9 0.65
1049    3.1 0.15
1051    2.5 0
1053    2.8 0.3
1056    2.5 0.05
1066    2.4 0.95
1067    1.2 0.3
1072    2   1.15
1073    3.1 1.3
1074_M1 3.1 1.3
1074_M2 1.8 1.05
1078    3.1 1.05
1080    2.8 1.35
1083    2.7 0.95
1085    2.2 1.95
1087    1.6 0.8
1093    2.7 0.75
1094    2.5 0.65
1098    2   1
1099    2.6 1.4
1100    3.3 2
1101    3.3 2
1104    2.2 0.75
1106    2.3 0.95
1107    2   0.8
1108    2.4 0.6
1110    1.4 1.2
1112    1.6 1.5
1127    1.6 1.4
1139    1.6 1.4
1144_M1 2.6 1
1144_M2 1.9 1.35
1148    2   0.95
1151    2.3 1.25
1153    2.8 1.25
1155    2.6 0.7
1158    2.4 0.6
1160    3.2 0.9
1162    3   1.15
1167    2.4 1
1168    2.5 1.35
1172    2.7 1
1173    2.4 0.95
1174    2.8 1.15
1179    2.7 0.95
1181    1.9 0.8
1183    2.6 1.35
1185    2.6 1.05
1187    3.2 1.1
1192    3.4 1.75
1194    2.4 0.6
1196    2.4 0.9
1206    2.3 0.9
1210    2.3 0.9
1215    2.6 1.05
1217    2.5 1.05
1221    1.5 0.8
1234    1.5 0.8
1243    1   0.8
1244    2   0.85
1247    2   0.85
1248    2.4 0.85
1249    3.2 1.55
1250    3.1 1.15
1255    2.8 1.25
1256    2.5 1.4
1257    2.5 1.4
1262 2.5 1
1264    2.6 1.3
1267    3   1.4
1269    2.5 1.4
1274    2.4 0.95
1276    2.6 1.05
1281    2   1.55
1282    1.7 1.45
1283    1.9 1.05
1284    1.8 1.45
1285    1.8 1.45
1288    1.8 1.45
1289    2.4 1.5
1290    2.3 0.85
1292    1.6 1.45
1294    2.1 1
1296    2.3 1.7
1301_M1 1.6 0.7
1301_M2 1.6 1.5
1303    2.3 1.75
1305    1.7 1.5
1309    1.5 1.15
1310    3.2 2
1311    1.4 1.05
1312    1.4 1.05
1315    1.7 1.1
1316_M1 1.7 1.1
1316_M2 1.6 1.45
1317    1.6 1.3
1329_M1 2.2 1.1
1329_M2 2   0.75
1342_M1 1.7 1.05
1342_M2 1.6 1.4
1344    2.4 1.35
1346    1.6 1.5
1349_M1 3.2 2.2
1349_M2 1.7 1.45
1352_M1 3.4 1.7
1352_M2 2.4 1.85
1353    2.6 0.85
1357    4   2.05
1369    2.5 1
1371    2.4 1.25
1373    2.6 1.05
1376    2.6 0.75
1378    3.5 1.3